,Kreis-Id,Jahr,NDVI,Temperatur,Bestrahlungsstärke,Niederschlagsrate,Unnamed: 0, Stadt,Winterweizen
0,8111,2016,0.2503865395540171,28322.599033816423,11280294.57004831,15897.0,406,"      Stuttgart, Stadtkreis",68.6
1,8111,2017,0.2448238133098355,28464.682291666668,12567865.9609375,35394.0,361,"      Stuttgart, Stadtkreis",71.6
2,8111,2018,0.2639638710979261,28427.354166666668,12370668.145833334,28600.333333333336,316,"      Stuttgart, Stadtkreis",78.9
3,8115,2016,0.26649123898133065,28274.760869565216,11412636.29710145,18011.0,407,"      Böblingen, Landkreis",73.6
4,8115,2017,0.2741502517905182,28416.71484375,12780179.373046875,37188.0,362,"      Böblingen, Landkreis",81.8
5,8115,2018,0.29586724229778855,28372.046875,12503422.569444444,29366.875,317,"      Böblingen, Landkreis",86.0
6,8115,2019,0.2548693115680977,28338.950862068967,12312147.156034483,30984.125,272,"      Böblingen, Landkreis",83.3
7,8115,2020,0.3018728057865054,28362.755993150684,12337253.006849315,33347.875,227,"      Böblingen, Landkreis",85.6
8,8115,2021,0.24757424504848116,28220.246575342466,11574747.45890411,47935.375,182,"      Böblingen, Landkreis",69.7
9,8115,2022,0.30801016290635,28409.307291666668,12750026.897569444,34449.0,137,"      Böblingen, Landkreis",81.9
10,8115,2023,0.2651858377464216,28392.384417808218,12074202.412671233,41052.375,92,"      Böblingen, Landkreis",75.4
11,8115,2024,0.2753530047992229,28397.250856164384,11622687.59589041,34064.125,47,"      Böblingen, Landkreis",71.0
12,8115,2025,0.28134928876176296,28342.348265895955,12166336.512283238,49473.875,2,"      Böblingen, Landkreis",78.2
13,8116,2016,0.2638182218708689,28304.576811594205,11415525.055072462,17295.0,408,"      Esslingen, Landkreis",63.1
14,8116,2017,0.28691516866701716,28444.5484375,12639642.0421875,34529.8,363,"      Esslingen, Landkreis",74.3
15,8116,2018,0.30112963158890477,28398.991666666665,12330248.3625,29860.4,318,"      Esslingen, Landkreis",73.4
16,8116,2019,0.28079682572058745,28364.198620689654,12220953.551724138,30501.8,273,"      Esslingen, Landkreis",79.4
17,8116,2020,0.3031345345284344,28383.683561643833,12175178.578082193,33706.6,228,"      Esslingen, Landkreis",86.4
18,8116,2021,0.26300959105324556,28244.960273972603,11523217.469863012,48526.6,183,"      Esslingen, Landkreis",60.7
19,8116,2022,0.3176101761581419,28436.01388888889,12656267.879166666,32557.0,138,"      Esslingen, Landkreis",91.2
20,8116,2023,0.27471874552387965,28420.2,11988563.056164384,39021.8,93,"      Esslingen, Landkreis",74.4
21,8116,2024,0.2881584800614335,28430.36301369863,11513725.226027397,31624.600000000002,48,"      Esslingen, Landkreis",61.4
22,8116,2025,0.2893875125420412,28367.664739884392,12038423.855491329,46954.6,3,"      Esslingen, Landkreis",83.0
23,8117,2016,0.27515199032008286,28256.442028985508,11494224.231884059,19339.125,409,"      Göppingen, Landkreis",60.8
24,8117,2017,0.2981491806164505,28389.333333333332,12593694.710271318,38484.75,364,"      Göppingen, Landkreis",82.2
25,8117,2018,0.300586987649303,28348.25,12267908.489583334,35886.0,319,"      Göppingen, Landkreis",79.8
26,8117,2019,0.2885477702134777,28312.130172413792,12209649.70862069,35802.5,274,"      Göppingen, Landkreis",79.0
27,8117,2020,0.30506031339277373,28324.863869863013,12094579.142123288,38676.625,229,"      Göppingen, Landkreis",81.8
28,8117,2021,0.2672704987617655,28191.345034246577,11601783.670376712,54221.0,184,"      Göppingen, Landkreis",69.5
29,8117,2022,0.3179715907633042,28378.65017361111,12652275.527777778,38990.375,139,"      Göppingen, Landkreis",82.5
30,8117,2023,0.28886227042937995,28361.593321917808,11950995.996575342,46673.0,94,"      Göppingen, Landkreis",66.3
31,8117,2024,0.29227495713402474,28383.068493150684,11475553.709760275,36918.75,49,"      Göppingen, Landkreis",69.8
32,8117,2025,0.29525940213600604,28312.518786127166,11995761.818641618,52725.875,4,"      Göppingen, Landkreis",91.0
33,8118,2016,0.2414071300470232,28364.876811594204,11186076.880434783,15406.5,410,"      Ludwigsburg, Landkreis",67.6
34,8118,2017,0.2712953124420589,28507.2841796875,12509004.564453125,36377.0,365,"      Ludwigsburg, Landkreis",68.6
35,8118,2018,0.26729335555256084,28474.255208333332,12375116.373263888,28669.5,320,"      Ludwigsburg, Landkreis",69.7
36,8118,2019,0.24778883500725998,28431.225,12176357.675,29837.5,275,"      Ludwigsburg, Landkreis",76.0
37,8118,2020,0.26565329176660313,28443.487157534248,12103681.113013698,33482.5,230,"      Ludwigsburg, Landkreis",75.1
38,8118,2021,0.2319029085480308,28312.157534246577,11391798.175513698,44848.5,185,"      Ludwigsburg, Landkreis",69.7
39,8118,2022,0.27041195576205346,28500.821180555555,12504285.566840278,32992.0,140,"      Ludwigsburg, Landkreis",73.5
40,8118,2023,0.26082769986534404,28483.76883561644,11837555.580479452,40552.0,95,"      Ludwigsburg, Landkreis",71.2
41,8118,2024,0.24834937067828664,28482.907534246577,11412204.677226027,32988.0,50,"      Ludwigsburg, Landkreis",63.6
42,8118,2025,0.26586064332592096,28434.752155172413,12063029.056752874,49422.0,5,"      Ludwigsburg, Landkreis",71.7
43,8119,2016,0.28639154321880445,28297.057971014492,11166603.382081687,15170.0,411,"      Rems-Murr-Kreis, Landkreis",61.9
44,8119,2017,0.2974099878775434,28435.979403409092,12403641.858664773,36883.0,366,"      Rems-Murr-Kreis, Landkreis",74.0
45,8119,2018,0.30893979178492775,28409.14898989899,12267889.849747473,30531.545454545456,321,"      Rems-Murr-Kreis, Landkreis",69.6
46,8119,2019,0.29776282999508047,28359.902821316617,12098515.415047022,31406.636363636364,276,"      Rems-Murr-Kreis, Landkreis",75.5
47,8119,2020,0.3095843412347641,28370.27833125778,11967740.493773349,34218.818181818184,231,"      Rems-Murr-Kreis, Landkreis",71.5
48,8119,2021,0.265509168285865,28237.375466998757,11379852.328767123,46743.818181818184,186,"      Rems-Murr-Kreis, Landkreis",64.1
49,8119,2022,0.32949946031255006,28432.46148989899,12419599.739267677,33899.36363636364,141,"      Rems-Murr-Kreis, Landkreis",63.1
50,8119,2023,0.29888918650695884,28410.092154420923,11723032.122665007,41675.36363636363,96,"      Rems-Murr-Kreis, Landkreis",71.1
51,8119,2024,0.29921190268144915,28411.12889165629,11307875.136363637,32359.454545454548,51,"      Rems-Murr-Kreis, Landkreis",60.5
52,8119,2025,0.3046589733265687,28359.719958202717,11986020.548589341,49806.72727272727,6,"      Rems-Murr-Kreis, Landkreis",80.0
53,8125,2016,0.243871241626408,28349.08695652174,11018859.821824381,14036.058823529413,413,"      Heilbronn, Landkreis",71.1
54,8125,2017,0.27798577323041146,28490.836397058825,12291177.372242646,36188.58823529412,368,"      Heilbronn, Landkreis",79.6
55,8125,2018,0.2787544244171356,28470.54411764706,12360056.16625817,28949.235294117647,323,"      Heilbronn, Landkreis",74.5
56,8125,2019,0.25823436015279366,28420.769979716024,12068692.88235294,30138.823529411766,278,"      Heilbronn, Landkreis",79.1
57,8125,2020,0.2693270572235458,28423.898468976633,11922475.688557616,32067.235294117647,233,"      Heilbronn, Landkreis",81.7
58,8125,2021,0.2339146759797869,28298.46293311845,11352630.808219178,41407.35294117647,188,"      Heilbronn, Landkreis",70.1
59,8125,2022,0.28696157605194883,28487.264705882353,12331712.85498366,32408.70588235294,143,"      Heilbronn, Landkreis",76.8
60,8125,2023,0.2649205463872098,28466.080177276388,11642284.337228041,39348.17647058824,98,"      Heilbronn, Landkreis",81.5
61,8125,2024,0.2435158346953298,28466.38114423852,11344778.049556809,31859.647058823528,53,"      Heilbronn, Landkreis",71.0
62,8125,2025,0.2755184309437848,28419.093644354296,11925738.494929006,46814.94117647059,8,"      Heilbronn, Landkreis",83.3
63,8126,2016,0.24906484558134442,28292.42834138486,10951652.117552334,15251.333333333334,414,"      Hohenlohekreis, Landkreis",68.5
64,8126,2017,0.27933456069700424,28427.99826388889,12132924.668402778,35354.77777777778,369,"      Hohenlohekreis, Landkreis",78.6
65,8126,2018,0.27113652288367296,28403.185185185182,12287437.05169753,29201.333333333332,324,"      Hohenlohekreis, Landkreis",68.7
66,8126,2019,0.2728522359981134,28357.531800766283,11966058.727203066,31423.11111111111,279,"      Hohenlohekreis, Landkreis",74.9
67,8126,2020,0.27633926342709875,28359.89573820396,11744500.666666666,32002.333333333332,234,"      Hohenlohekreis, Landkreis",75.5
68,8126,2021,0.2412850263435075,28233.84703196347,11360889.178843226,42016.22222222222,189,"      Hohenlohekreis, Landkreis",65.7
69,8126,2022,0.28218286473592513,28425.2399691358,12217111.74382716,34234.0,144,"      Hohenlohekreis, Landkreis",65.4
70,8126,2023,0.26796367418107914,28399.927701674278,11447189.987062406,38471.22222222222,99,"      Hohenlohekreis, Landkreis",65.1
71,8126,2024,0.2511277955180095,28408.45890410959,11261542.402587518,31270.222222222223,54,"      Hohenlohekreis, Landkreis",64.0
72,8126,2025,0.2744765292639409,28353.139846743292,11848319.365900384,44055.666666666664,9,"      Hohenlohekreis, Landkreis",76.8
73,8127,2016,0.25325702427951396,28251.13128729753,11049357.121057117,16526.058823529413,415,"      Schwäbisch Hall, Landkreis",76.1
74,8127,2017,0.2776299982297411,28381.93296853625,12170894.210214319,38275.117647058825,370,"      Schwäbisch Hall, Landkreis",85.3
75,8127,2018,0.27384621058785796,28354.99019607843,12225108.564542484,32257.29411764706,325,"      Schwäbisch Hall, Landkreis",74.4
76,8127,2019,0.2854245351885368,28313.81906693712,11983056.79918864,33747.0,280,"      Schwäbisch Hall, Landkreis",82.5
77,8127,2020,0.29164235254193055,28315.00684931507,11755292.952457696,34731.882352941175,235,"      Schwäbisch Hall, Landkreis",88.8
78,8127,2021,0.24673249902509756,28187.84649476229,11417412.39967768,45155.05882352941,190,"      Schwäbisch Hall, Landkreis",70.0
79,8127,2022,0.2936242179174485,28372.537990196077,12262919.5498366,37381.470588235294,145,"      Schwäbisch Hall, Landkreis",75.8
80,8127,2023,0.28685522174533457,28353.08219178082,11488212.120064463,42620.23529411765,100,"      Schwäbisch Hall, Landkreis",71.0
81,8127,2024,0.2647135381150099,28365.429492344883,11233678.987912973,34208.41176470588,55,"      Schwäbisch Hall, Landkreis",72.0
82,8127,2025,0.28062049084010826,28307.450980392157,11882437.11764706,48786.294117647056,10,"      Schwäbisch Hall, Landkreis",75.7
83,8128,2016,0.2174010509694648,28293.615942028984,10936336.010869564,15672.1875,416,"      Main-Tauber-Kreis, Landkreis",66.9
84,8128,2017,0.26200972287776575,28424.128875968992,11992673.78488372,35034.125,371,"      Main-Tauber-Kreis, Landkreis",72.9
85,8128,2018,0.27139497862545164,28397.4375,12308356.565538194,27885.5,326,"      Main-Tauber-Kreis, Landkreis",66.4
86,8128,2019,0.2567553612989455,28356.38275862069,11898802.963793103,30335.1875,281,"      Main-Tauber-Kreis, Landkreis",68.5
87,8128,2020,0.25684686817379127,28357.36044520548,11633629.437071918,30653.6875,236,"      Main-Tauber-Kreis, Landkreis",69.5
88,8128,2021,0.23553093367010264,28233.336044520547,11398588.953767123,38849.5,191,"      Main-Tauber-Kreis, Landkreis",62.5
89,8128,2022,0.26992194716768664,28416.051215277777,12118325.884982638,33960.125,146,"      Main-Tauber-Kreis, Landkreis",61.7
90,8128,2023,0.24904596654249217,28397.065924657534,11353350.362157535,36174.3125,101,"      Main-Tauber-Kreis, Landkreis",64.8
91,8128,2024,0.23100905650078532,28410.779109589042,11305491.026541095,31568.375,56,"      Main-Tauber-Kreis, Landkreis",64.8
92,8128,2025,0.26074291676484335,28354.41882183908,11790531.62966954,40048.75,11,"      Main-Tauber-Kreis, Landkreis",66.6
93,8135,2016,0.23973341937446252,28203.92546583851,11546139.043478262,17261.285714285714,417,"      Heidenheim, Landkreis",60.2
94,8135,2017,0.2913912340181695,28338.66223698782,12583939.071982281,34795.857142857145,372,"      Heidenheim, Landkreis",59.0
95,8135,2018,0.274972160689207,28300.083333333332,12242220.482142858,33137.57142857143,327,"      Heidenheim, Landkreis",76.5
96,8135,2019,0.2601180619170094,28261.519211822662,12154650.3182266,32854.42857142857,282,"      Heidenheim, Landkreis",63.3
97,8135,2020,0.26557582247831746,28250.909001956945,12018345.727005871,36515.42857142857,237,"      Heidenheim, Landkreis",69.0
98,8135,2021,0.2354394821419754,28138.72504892368,11724945.694716243,47320.0,192,"      Heidenheim, Landkreis",59.5
99,8135,2022,0.30304677927151835,28306.592261904763,12639363.594246032,37198.0,147,"      Heidenheim, Landkreis",69.2
100,8135,2023,0.2773248810301479,28306.230919765167,11931179.144814089,41595.857142857145,102,"      Heidenheim, Landkreis",74.6
101,8135,2024,0.2532467430155274,28320.74951076321,11514651.061643835,34159.71428571428,57,"      Heidenheim, Landkreis",65.0
102,8135,2025,0.27000485159190873,28243.921552436,12016851.6895128,50920.57142857143,12,"      Heidenheim, Landkreis",86.9
103,8136,2016,0.2790459647187535,28234.765827612508,11281717.732265446,16895.052631578947,418,"      Ostalbkreis, Landkreis",67.6
104,8136,2017,0.29302746826509246,28364.293349653202,12378602.381884944,37643.63157894737,373,"      Ostalbkreis, Landkreis",84.4
105,8136,2018,0.2931372486643777,28337.316154970762,12217504.254751462,32932.0,328,"      Ostalbkreis, Landkreis",79.0
106,8136,2019,0.2943477321552168,28294.71615245009,12077151.374591652,33282.15789473684,283,"      Ostalbkreis, Landkreis",77.7
107,8136,2020,0.30383545526681816,28289.54217736121,11859690.387166547,36635.94736842105,238,"      Ostalbkreis, Landkreis",82.9
108,8136,2021,0.2605545876755474,28168.384643114634,11545505.637707282,45902.05263157895,193,"      Ostalbkreis, Landkreis",68.4
109,8136,2022,0.32944783048594617,28347.214912280702,12416731.042763159,37902.73684210527,148,"      Ostalbkreis, Landkreis",78.5
110,8136,2023,0.30074145178724987,28334.724224945927,11691993.5407354,44898.26315789473,103,"      Ostalbkreis, Landkreis",66.7
111,8136,2024,0.29392597789833713,28345.976207642394,11299635.511175198,33857.63157894737,58,"      Ostalbkreis, Landkreis",59.2
112,8136,2025,0.2927729137754037,28281.682698124623,11991713.764972778,51412.47368421053,13,"      Ostalbkreis, Landkreis",81.6
113,8215,2016,0.2423334562316721,28412.96066252588,11208680.066252587,13980.714285714286,421,"      Karlsruhe, Landkreis",58.5
114,8215,2017,0.2784206779330457,28566.608258928572,12601703.259486606,37961.57142857143,376,"      Karlsruhe, Landkreis",65.9
115,8215,2018,0.3051629954669476,28540.56994047619,12482659.947420634,26194.285714285714,331,"      Karlsruhe, Landkreis",66.9
116,8215,2019,0.27272881442237024,28498.078325123155,12191292.898522168,26389.85714285714,286,"      Karlsruhe, Landkreis",71.7
117,8215,2020,0.2841913535079268,28509.35176125245,12209222.052348336,29699.35714285714,241,"      Karlsruhe, Landkreis",69.0
118,8215,2021,0.24832807411016414,28370.94667318982,11455174.143835617,40126.71428571428,196,"      Karlsruhe, Landkreis",59.9
119,8215,2022,0.30331818011412376,28559.430555555555,12584073.837301588,29875.714285714286,151,"      Karlsruhe, Landkreis",75.9
120,8215,2023,0.2708532001310549,28545.76712328767,11916892.27592955,35875.357142857145,106,"      Karlsruhe, Landkreis",70.1
121,8215,2024,0.25414361055967016,28533.128180039137,11535006.407534247,32091.5,61,"      Karlsruhe, Landkreis",60.3
122,8215,2025,0.29192520521279613,28499.625205254513,12079261.707307061,44393.07142857143,16,"      Karlsruhe, Landkreis",69.5
123,8216,2016,0.2720247908996396,28325.420289855072,11318722.164251208,18656.0,422,"      Rastatt, Landkreis",60.3
124,8216,2018,0.307617255474556,28443.95061728395,12518983.165123455,32147.777777777777,332,"      Rastatt, Landkreis",67.0
125,8216,2019,0.2734425458851823,28410.379310344826,12250931.37777778,32782.0,287,"      Rastatt, Landkreis",72.4
126,8216,2020,0.3316423792950841,28439.285388127853,12384579.171232877,35443.666666666664,242,"      Rastatt, Landkreis",73.8
127,8216,2021,0.24684434649508144,28279.15601217656,11497900.727549467,50810.11111111111,197,"      Rastatt, Landkreis",59.2
128,8216,2022,0.31765009696949664,28472.627314814818,12830484.668981481,36670.444444444445,152,"      Rastatt, Landkreis",65.4
129,8216,2023,0.27392291032336996,28459.932267884324,11998405.225266362,44462.666666666664,107,"      Rastatt, Landkreis",64.9
130,8216,2024,0.27815407948390913,28440.211567732116,11596310.4086758,41271.88888888889,62,"      Rastatt, Landkreis",47.1
131,8216,2025,0.3172256218926662,28406.165703275532,12052159.238278741,51704.22222222222,17,"      Rastatt, Landkreis",74.2
132,8225,2016,0.233751396873028,28281.918219461695,10934731.754658384,17883.214285714286,425,"      Neckar-Odenwald-Kreis, Landkreis",63.5
133,8225,2017,0.2776489231895876,28418.016741071428,12126634.8359375,39801.92857142857,380,"      Neckar-Odenwald-Kreis, Landkreis",74.7
134,8225,2018,0.2927950943936729,28394.9816468254,12347421.800099205,32595.928571428572,335,"      Neckar-Odenwald-Kreis, Landkreis",63.8
135,8225,2019,0.2683247026330513,28352.15911330049,11951121.792610837,33824.78571428572,290,"      Neckar-Odenwald-Kreis, Landkreis",70.1
136,8225,2020,0.2617616881484438,28358.875733855188,11744254.004892368,33443.28571428572,245,"      Neckar-Odenwald-Kreis, Landkreis",68.6
137,8225,2021,0.23413141889448968,28230.31653620352,11339404.215264188,44164.0,200,"      Neckar-Odenwald-Kreis, Landkreis",64.4
138,8225,2022,0.2998689059350511,28410.865079365078,12171558.473214285,37937.642857142855,155,"      Neckar-Odenwald-Kreis, Landkreis",62.0
139,8225,2023,0.24860235212582124,28389.61888454012,11476675.229452055,44916.07142857143,110,"      Neckar-Odenwald-Kreis, Landkreis",67.9
140,8225,2024,0.2429648497853958,28400.438845401175,11298903.295009784,37365.357142857145,65,"      Neckar-Odenwald-Kreis, Landkreis",61.4
141,8225,2025,0.2786116524328533,28358.47003284072,11791691.123152709,49319.142857142855,20,"      Neckar-Odenwald-Kreis, Landkreis",71.6
142,8226,2016,0.23714107117621627,28365.644927536232,10979037.554347826,14145.9375,426,"      Rhein-Neckar-Kreis, Landkreis",61.7
143,8226,2017,0.27745636956048597,28513.5185546875,12284601.911132812,37879.125,381,"      Rhein-Neckar-Kreis, Landkreis",78.0
144,8226,2018,0.29856100997715784,28497.690104166668,12339095.833333334,28055.625,336,"      Rhein-Neckar-Kreis, Landkreis",76.1
145,8226,2019,0.2655587986173676,28447.326293103448,11974591.509913793,28064.5,291,"      Rhein-Neckar-Kreis, Landkreis",77.8
146,8226,2020,0.2770726740594196,28458.13056506849,11895142.676369863,30852.75,246,"      Rhein-Neckar-Kreis, Landkreis",82.8
147,8226,2021,0.23371638375325304,28322.38741438356,11296102.825770548,38738.125,201,"      Rhein-Neckar-Kreis, Landkreis",69.1
148,8226,2022,0.3058818275882225,28506.897569444445,12278665.335069444,31431.75,156,"      Rhein-Neckar-Kreis, Landkreis",73.8
149,8226,2023,0.25393071026457054,28490.145976027397,11640675.551369863,38173.25,111,"      Rhein-Neckar-Kreis, Landkreis",77.7
150,8226,2024,0.24571005718030883,28484.75470890411,11333608.004280822,33756.1875,66,"      Rhein-Neckar-Kreis, Landkreis",66.6
151,8226,2025,0.2770349562164754,28453.968031609194,11839048.947198275,44419.6875,21,"      Rhein-Neckar-Kreis, Landkreis",79.6
152,8235,2016,0.292000024955745,28214.455862977604,11415815.845849803,20964.636363636364,428,"      Calw, Landkreis",82.7
153,8235,2017,0.308396604959822,28355.1484375,12823729.646306818,45609.909090909096,383,"      Calw, Landkreis",80.8
154,8235,2018,0.32761632281541053,28310.607954545456,12542782.588383839,34925.90909090909,338,"      Calw, Landkreis",83.1
155,8235,2020,0.339591040099625,28312.994396014943,12403981.96886675,37267.818181818184,248,"      Calw, Landkreis",92.1
156,8235,2022,0.3316522490238841,28352.547348484848,12823514.920454545,39874.27272727273,158,"      Calw, Landkreis",88.8
157,8235,2023,0.28697699416427447,28332.615193026155,12090687.607721046,48837.545454545456,113,"      Calw, Landkreis",77.8
158,8235,2024,0.301952421992119,28337.585305105855,11655284.86052304,42316.818181818184,68,"      Calw, Landkreis",64.1
159,8235,2025,0.3133898196293617,28291.06726221755,12159057.084077772,55953.72727272727,23,"      Calw, Landkreis",67.1
160,8236,2016,0.27632025843994834,28343.893719806765,11326002.693236716,16972.0,429,"      Enzkreis, Landkreis",66.2
161,8236,2017,0.30359453413895743,28488.463541666668,12705232.743489584,40482.333333333336,384,"      Enzkreis, Landkreis",77.8
162,8236,2018,0.3153143188271614,28455.162037037036,12540708.89699074,30110.666666666668,339,"      Enzkreis, Landkreis",80.4
163,8236,2019,0.2811402667360379,28418.049425287354,12313701.233333332,30638.666666666668,294,"      Enzkreis, Landkreis",76.7
164,8236,2020,0.3123490783744897,28434.82305936073,12309764.365296803,34008.666666666664,249,"      Enzkreis, Landkreis",83.7
165,8236,2021,0.2642244983896143,28295.495433789954,11524200.17237443,46376.666666666664,204,"      Enzkreis, Landkreis",68.5
166,8236,2022,0.3220735257879198,28485.256944444445,12683500.83912037,35228.333333333336,159,"      Enzkreis, Landkreis",83.9
167,8236,2023,0.28434631526006293,28468.30365296804,12019032.262557076,42985.666666666664,114,"      Enzkreis, Landkreis",78.6
168,8236,2024,0.2736033195817336,28469.203196347033,11596029.792237444,36356.333333333336,69,"      Enzkreis, Landkreis",68.8
169,8236,2025,0.3109104140270081,28425.961685823753,12204713.108237548,50349.333333333336,24,"      Enzkreis, Landkreis",86.6
170,8237,2016,0.28351533087376163,28176.175523349433,11434371.63285024,25221.222222222223,430,"      Freudenstadt, Landkreis",78.1
171,8237,2017,0.31122198771163007,28316.864583333332,12922383.184027778,49978.77777777778,385,"      Freudenstadt, Landkreis",80.4
172,8237,2018,0.30330991307295807,28263.872685185182,12487741.159722222,42244.11111111111,340,"      Freudenstadt, Landkreis",84.5
173,8237,2019,0.27883985037316306,28237.507279693487,12257061.637547893,44710.666666666664,295,"      Freudenstadt, Landkreis",85.5
174,8237,2020,0.33564458919977297,28275.014459665144,12445371.990867581,42067.11111111111,250,"      Freudenstadt, Landkreis",86.7
175,8237,2021,0.2553454736163527,28122.494672754947,11629436.23135464,62994.777777777774,205,"      Freudenstadt, Landkreis",70.7
176,8237,2022,0.32993740889012324,28314.25925925926,12967533.24845679,44849.0,160,"      Freudenstadt, Landkreis",77.8
177,8237,2023,0.27902958173914943,28285.984779299848,12089110.91933029,56468.555555555555,115,"      Freudenstadt, Landkreis",70.8
178,8237,2024,0.28957420675283213,28299.813546423138,11663308.923135463,50050.333333333336,70,"      Freudenstadt, Landkreis",72.9
179,8237,2025,0.29779028788778633,28258.630057803468,12154141.504816955,65403.333333333336,25,"      Freudenstadt, Landkreis",81.6
180,8315,2016,0.30071284770339857,28185.3125,11704614.892210145,24220.8125,432,"      Breisgau-Hochschwarzwald, Landkreis",68.7
181,8315,2017,0.2901543771701858,28355.77587890625,13201587.911621094,42679.1875,387,"      Breisgau-Hochschwarzwald, Landkreis",80.0
182,8315,2018,0.3039793358813546,28324.45095486111,12632452.611545138,41999.75,342,"      Breisgau-Hochschwarzwald, Landkreis",82.2
183,8315,2019,0.29165457328672106,28270.24698275862,12461485.346551724,41787.8125,297,"      Breisgau-Hochschwarzwald, Landkreis",87.6
184,8315,2020,0.30788779737878746,28302.591609589042,12668760.29494863,40762.0625,252,"      Breisgau-Hochschwarzwald, Landkreis",98.2
185,8315,2021,0.26138485198835526,28152.81720890411,11871482.938784247,55855.125,207,"      Breisgau-Hochschwarzwald, Landkreis",80.5
186,8315,2022,0.34108265344008537,28356.611979166668,13311220.232638888,39136.5625,162,"      Breisgau-Hochschwarzwald, Landkreis",90.0
187,8315,2023,0.2796904065056554,28341.58946917808,12265795.35958904,47668.75,117,"      Breisgau-Hochschwarzwald, Landkreis",83.1
188,8315,2024,0.28010161328202643,28315.815496575342,11924478.059931507,42473.9375,72,"      Breisgau-Hochschwarzwald, Landkreis",82.6
189,8315,2025,0.30791538693225723,28294.965317919075,12351770.482297689,59966.25,27,"      Breisgau-Hochschwarzwald, Landkreis",86.4
190,8316,2016,0.3483442435343914,28270.71568627451,12293897.562091503,8633.333333333334,433,"      Emmendingen, Landkreis",56.2
191,8316,2017,0.32807805657327016,28458.47863247863,13442882.504273504,21413.444444444445,388,"      Emmendingen, Landkreis",82.6
192,8316,2018,0.33155106033389753,28428.479452054795,12884181.375951294,20065.11111111111,343,"      Emmendingen, Landkreis",86.3
193,8316,2019,0.3264427231789754,28364.316590563165,12786005.677321156,18309.444444444445,298,"      Emmendingen, Landkreis",80.7
194,8316,2020,0.3437279592095925,28419.6697108067,12741632.436834093,22650.666666666664,253,"      Emmendingen, Landkreis",78.9
195,8316,2021,0.2762944113902503,28289.709284627093,12191082.225266362,31452.88888888889,208,"      Emmendingen, Landkreis",75.4
196,8316,2022,0.35454713812527516,28454.19330289193,13096616.088280061,25736.333333333332,163,"      Emmendingen, Landkreis",71.9
197,8316,2023,0.30708075334875173,28440.58295281583,12403970.01978691,23394.555555555555,118,"      Emmendingen, Landkreis",74.7
198,8316,2024,0.28772019482886424,28411.629629629628,11824684.106481481,23338.666666666668,73,"      Emmendingen, Landkreis",65.6
199,8316,2025,0.3329723856400266,28439.833333333332,12826749.559912855,34949.555555555555,28,"      Emmendingen, Landkreis",81.9
200,8317,2016,0.29983226119392264,28312.696912413357,11458739.742911153,21739.82608695652,434,"      Ortenaukreis, Landkreis",54.2
201,8317,2017,0.31263921059506206,28474.579483695652,12951473.141644021,43352.17391304348,389,"      Ortenaukreis, Landkreis",80.4
202,8317,2018,0.3261122904952742,28438.376811594204,12550187.56733092,33854.086956521736,344,"      Ortenaukreis, Landkreis",78.2
203,8317,2019,0.29794384397330836,28397.433583208396,12309359.541229384,34060.34782608696,299,"      Ortenaukreis, Landkreis",80.4
204,8317,2020,0.35985937945606905,28441.837998808813,12514027.618820727,35857.0,254,"      Ortenaukreis, Landkreis",83.4
205,8317,2021,0.27494949897398835,28273.818344252533,11638267.276057176,50822.47826086957,209,"      Ortenaukreis, Landkreis",70.5
206,8317,2022,0.3559207763278631,28469.19414251208,13074171.095410628,36386.95652173913,164,"      Ortenaukreis, Landkreis",74.0
207,8317,2023,0.29033951024347193,28455.948183442528,12067085.902620608,44126.52173913043,119,"      Ortenaukreis, Landkreis",79.8
208,8317,2024,0.3038095179126918,28429.096188207266,11724315.035735557,42178.913043478264,74,"      Ortenaukreis, Landkreis",54.7
209,8317,2025,0.32704307885053063,28402.932646393565,12145950.531540588,51739.30434782609,29,"      Ortenaukreis, Landkreis",76.0
210,8325,2016,0.281641838746683,28177.246376811596,11596205.811594203,24780.555555555555,435,"      Rottweil, Landkreis",69.5
211,8325,2017,0.3084980958619512,28326.25607638889,13066859.251736112,44611.22222222222,390,"      Rottweil, Landkreis",74.3
212,8325,2018,0.3101603831410299,28272.033179012345,12557126.55632716,39561.77777777778,345,"      Rottweil, Landkreis",83.9
213,8325,2019,0.28569377525666134,28237.918007662836,12332467.350957854,42022.666666666664,300,"      Rottweil, Landkreis",73.7
214,8325,2020,0.3365661668224837,28274.978691019787,12549726.655251142,39222.88888888889,255,"      Rottweil, Landkreis",82.3
215,8325,2021,0.2672605457798104,28125.61263318113,11789158.754185693,60312.555555555555,210,"      Rottweil, Landkreis",67.5
216,8325,2022,0.33446357909905966,28322.14197530864,13104814.88734568,41972.666666666664,165,"      Rottweil, Landkreis",73.3
217,8325,2023,0.28127745242731866,28294.171232876713,12216782.169710806,50062.88888888889,120,"      Rottweil, Landkreis",74.7
218,8325,2024,0.27983411925769885,28302.61719939117,11813692.558599696,45620.11111111111,75,"      Rottweil, Landkreis",79.9
219,8325,2025,0.2988389968317365,28258.91650610148,12267713.740526654,61632.333333333336,30,"      Rottweil, Landkreis",81.6
220,8326,2016,0.2945457034734881,28101.478260869564,11770759.985507246,28079.727272727272,436,"      Schwarzwald-Baar-Kreis, Landkreis",67.5
221,8326,2017,0.2981439111411368,28251.996448863636,13260202.803977273,48697.36363636364,391,"      Schwarzwald-Baar-Kreis, Landkreis",77.1
222,8326,2018,0.30371417222512953,28202.703282828283,12689265.31060606,44743.27272727273,346,"      Schwarzwald-Baar-Kreis, Landkreis",78.7
223,8326,2019,0.2755930576702978,28163.963636363635,12467194.726018809,46958.181818181816,301,"      Schwarzwald-Baar-Kreis, Landkreis",73.1
224,8326,2020,0.29897568551625603,28197.33872976339,12721538.447073475,44375.09090909091,256,"      Schwarzwald-Baar-Kreis, Landkreis",88.1
225,8326,2024,0.27098572629773393,28227.30386052304,11960409.300124533,49818.63636363636,76,"      Schwarzwald-Baar-Kreis, Landkreis",76.4
226,8326,2025,0.2947649809033137,28192.056227009987,12395131.237519706,68945.18181818182,31,"      Schwarzwald-Baar-Kreis, Landkreis",78.5
227,8327,2016,0.30191394599495147,28108.8115942029,11796721.956521738,21862.11111111111,437,"      Tuttlingen, Landkreis",62.9
228,8327,2017,0.30780547884414966,28269.309027777777,13156825.357638888,37661.444444444445,392,"      Tuttlingen, Landkreis",71.3
229,8327,2018,0.31386741002036833,28219.984567901236,12621642.726080246,36232.444444444445,347,"      Tuttlingen, Landkreis",71.9
230,8327,2019,0.27322797390482273,28171.023754789272,12409101.639846742,37769.333333333336,302,"      Tuttlingen, Landkreis",81.7
231,8327,2020,0.29965323800242993,28201.38736681887,12635195.0,35701.22222222222,257,"      Tuttlingen, Landkreis",78.6
232,8327,2021,0.28142376584996404,28058.908675799084,11940968.43150685,55871.777777777774,212,"      Tuttlingen, Landkreis",66.3
233,8327,2022,0.34035907500123547,28264.41512345679,13222209.463734569,36942.0,167,"      Tuttlingen, Landkreis",76.9
234,8327,2023,0.2766618147784241,28236.91400304414,12352201.191019787,42108.11111111111,122,"      Tuttlingen, Landkreis",71.0
235,8327,2024,0.26497307485919086,28232.641552511413,11967085.547945205,38123.333333333336,77,"      Tuttlingen, Landkreis",71.2
236,8327,2025,0.2943230139749723,28184.691072575468,12339603.49068722,54765.555555555555,32,"      Tuttlingen, Landkreis",70.8
237,8335,2016,0.2864533307371813,28215.32674571805,12023674.529644268,19931.18181818182,438,"      Konstanz, Landkreis",51.2
238,8335,2017,0.3157994565564969,28383.897017045456,13323520.829545455,37396.27272727273,393,"      Konstanz, Landkreis",61.2
239,8335,2018,0.2952983100763562,28345.241792929293,12739173.593434343,34072.0,348,"      Konstanz, Landkreis",69.0
240,8335,2019,0.2936880700628862,28282.35423197492,12485201.335423198,37209.09090909091,303,"      Konstanz, Landkreis",62.4
241,8335,2020,0.29742999452725255,28299.869240348693,12745262.728518058,38271.09090909091,258,"      Konstanz, Landkreis",68.7
242,8335,2021,0.2707623174074971,28173.433997509343,12075795.131382316,55568.63636363636,213,"      Konstanz, Landkreis",51.6
243,8335,2022,0.3399589898455722,28376.090909090908,13305823.171085859,36253.181818181816,168,"      Konstanz, Landkreis",52.6
244,8335,2023,0.2950777384319564,28349.298256537983,12454928.673100872,43420.0,123,"      Konstanz, Landkreis",60.9
245,8335,2024,0.2463444564528443,28332.185554171854,12098029.508094646,35636.181818181816,78,"      Konstanz, Landkreis",56.7
246,8335,2025,0.26533080172306767,28284.044666316346,12400258.738307934,55967.454545454544,33,"      Konstanz, Landkreis",78.6
247,8337,2016,0.30385169468646517,28162.636645962735,11778251.195652174,26723.857142857145,440,"      Waldshut, Landkreis",60.8
248,8337,2017,0.32610858187694947,28326.754464285714,13241335.640625,45973.78571428571,395,"      Waldshut, Landkreis",77.6
249,8337,2018,0.3114603539631802,28299.734623015873,12610005.497519841,46227.21428571428,350,"      Waldshut, Landkreis",78.2
250,8337,2019,0.3025166490613726,28243.689655172413,12412418.798029557,47301.92857142857,305,"      Waldshut, Landkreis",82.2
251,8337,2020,0.3010187976750643,28261.166829745598,12664305.534246575,47925.0,260,"      Waldshut, Landkreis",87.5
252,8337,2021,0.269288767441355,28130.53326810176,11878570.578767123,64820.142857142855,215,"      Waldshut, Landkreis",47.6
253,8337,2022,0.3394405435332979,28334.773313492064,13272568.042162698,44416.42857142857,170,"      Waldshut, Landkreis",87.4
254,8337,2023,0.29285606058220065,28304.200097847355,12284110.703522505,55069.21428571428,125,"      Waldshut, Landkreis",82.5
255,8337,2024,0.27054568672112367,28294.567025440316,11914850.084637966,44732.857142857145,80,"      Waldshut, Landkreis",67.2
256,8337,2025,0.3071119248531063,28266.570189925682,12339831.548720066,69407.0,35,"      Waldshut, Landkreis",68.2
257,8415,2016,0.2631940037517352,28175.030917874396,11627864.776811594,21439.4,441,"      Reutlingen, Landkreis",58.7
258,8415,2017,0.2826562893352595,28311.324479166666,12751155.6578125,37791.46666666667,396,"      Reutlingen, Landkreis",66.4
259,8415,2018,0.2943034401054093,28259.97685185185,12358996.037962964,35553.666666666664,351,"      Reutlingen, Landkreis",70.6
260,8415,2019,0.2687305740665379,28227.72827586207,12257589.55770115,36808.26666666667,306,"      Reutlingen, Landkreis",63.8
261,8415,2020,0.2952104148181879,28250.209132420092,12279319.221004566,37489.26666666667,261,"      Reutlingen, Landkreis",69.4
262,8415,2021,0.25341893470869553,28111.792694063926,11720853.952511415,55366.8,216,"      Reutlingen, Landkreis",53.9
263,8415,2022,0.3198984540213836,28301.49027777778,12867253.524999999,37356.6,171,"      Reutlingen, Landkreis",67.1
264,8415,2023,0.2660039156427473,28284.28812785388,12144845.543378996,44209.46666666667,126,"      Reutlingen, Landkreis",64.5
265,8415,2024,0.2629841654913548,28296.49497716895,11721929.153424658,36840.333333333336,81,"      Reutlingen, Landkreis",56.9
266,8415,2025,0.2847340190078363,28234.134104046243,12083184.062813103,51129.46666666667,36,"      Reutlingen, Landkreis",67.1
267,8416,2016,0.2955598663830871,28281.318840579712,11519233.666666666,21218.375,442,"      Tübingen, Landkreis",68.8
268,8416,2017,0.29233003273479624,28421.5146484375,12866437.61328125,37669.125,397,"      Tübingen, Landkreis",80.8
269,8416,2018,0.3025011553380628,28368.725694444445,12458266.239583334,32988.375,352,"      Tübingen, Landkreis",85.7
270,8416,2019,0.28575034086965756,28339.143103448278,12271117.199137932,35143.125,307,"      Tübingen, Landkreis",73.6
271,8416,2020,0.3265777149241928,28370.102739726026,12386980.031678082,34454.5,262,"      Tübingen, Landkreis",80.7
272,8416,2021,0.27433422534820234,28221.992294520547,11669933.994863013,52536.75,217,"      Tübingen, Landkreis",57.6
273,8416,2022,0.3362585410950154,28413.186631944445,12912284.9375,36536.125,172,"      Tübingen, Landkreis",75.2
274,8416,2023,0.2844942462447446,28393.98287671233,12154568.071917808,42228.375,127,"      Tübingen, Landkreis",73.1
275,8416,2024,0.29278784841669,28401.510273972603,11714313.434931507,35991.25,82,"      Tübingen, Landkreis",68.8
276,8416,2025,0.29134699825300836,28345.542630057804,12167688.922687862,50831.625,37,"      Tübingen, Landkreis",78.1
277,8417,2016,0.2888138131601384,28166.565217391304,11547568.623188406,22159.2,443,"      Zollernalbkreis, Landkreis",62.5
278,8417,2017,0.2942099336602163,28312.03828125,12894130.13515625,38538.4,398,"      Zollernalbkreis, Landkreis",67.2
279,8417,2018,0.3105356642150704,28261.08263888889,12451869.420833332,35140.4,353,"      Zollernalbkreis, Landkreis",73.1
280,8417,2019,0.2799762429208489,28225.54275862069,12252647.629655171,37156.0,308,"      Zollernalbkreis, Landkreis",59.4
281,8417,2020,0.3172695042674037,28259.134246575344,12418592.639726028,35324.8,263,"      Zollernalbkreis, Landkreis",63.1
282,8417,2021,0.26907739522463897,28108.038356164383,11703141.992465755,54666.2,218,"      Zollernalbkreis, Landkreis",52.1
283,8417,2022,0.33172448371898855,28307.880555555555,12981559.372916667,37651.7,173,"      Zollernalbkreis, Landkreis",69.9
284,8417,2023,0.2686450334417271,28285.37534246575,12163807.423287671,43130.4,128,"      Zollernalbkreis, Landkreis",58.6
285,8417,2024,0.26672281146996984,28290.34383561644,11740806.974657534,38093.6,83,"      Zollernalbkreis, Landkreis",50.1
286,8417,2025,0.29909626338504214,28235.08323699422,12156240.73815029,53199.1,38,"      Zollernalbkreis, Landkreis",62.8
287,8425,2016,0.2301954530081698,28193.16264090177,11744419.235909823,19503.5,445,"      Alb-Donau-Kreis, Landkreis",71.1
288,8425,2017,0.273116013235059,28330.219207579674,12717535.563738158,37114.555555555555,400,"      Alb-Donau-Kreis, Landkreis",80.9
289,8425,2018,0.26093632855294413,28282.504629629628,12339241.241512345,34719.055555555555,355,"      Alb-Donau-Kreis, Landkreis",81.3
290,8425,2019,0.25624855072104574,28245.7969348659,12251832.404980844,36351.5,310,"      Alb-Donau-Kreis, Landkreis",76.4
291,8425,2020,0.26948924427725973,28247.608066971083,12220993.007229833,38306.88888888889,265,"      Alb-Donau-Kreis, Landkreis",85.7
292,8425,2021,0.23137834747835045,28131.396499238966,11838717.062785389,52980.166666666664,220,"      Alb-Donau-Kreis, Landkreis",68.7
293,8425,2022,0.30590891185843144,28304.032793209873,12855877.226851853,38350.944444444445,175,"      Alb-Donau-Kreis, Landkreis",81.6
294,8425,2023,0.26302245076904496,28298.567732115676,12143542.031202435,43620.555555555555,130,"      Alb-Donau-Kreis, Landkreis",77.3
295,8425,2024,0.24007935374356737,28312.07077625571,11784179.496575342,37447.22222222222,85,"      Alb-Donau-Kreis, Landkreis",68.7
296,8425,2025,0.2608591129071443,28245.16634553629,12087465.430314709,52198.444444444445,40,"      Alb-Donau-Kreis, Landkreis",81.3
297,8426,2016,0.27060168575564836,28176.09581320451,12029833.123188406,19363.88888888889,446,"      Biberach, Landkreis",64.7
298,8426,2017,0.30031319097497816,28317.903100775195,12932758.354435831,39180.27777777778,401,"      Biberach, Landkreis",88.7
299,8426,2018,0.27187331406214654,28275.56867283951,12527409.160108024,34231.333333333336,356,"      Biberach, Landkreis",87.3
300,8426,2019,0.2841271512921637,28222.193103448277,12385418.90651341,40093.333333333336,311,"      Biberach, Landkreis",83.2
301,8426,2020,0.30547889079717244,28225.581430745817,12447252.852739725,40970.333333333336,266,"      Biberach, Landkreis",92.7
302,8426,2021,0.26677424535638933,28119.201674277017,12090256.671232877,53714.333333333336,221,"      Biberach, Landkreis",70.4
303,8426,2022,0.35154970495982035,28290.476080246914,13117496.57330247,40395.38888888889,176,"      Biberach, Landkreis",86.8
304,8426,2023,0.291075242174334,28285.5395738204,12382521.321156774,44480.0,131,"      Biberach, Landkreis",80.7
305,8426,2024,0.2578523408305447,28280.654870624046,12117372.210045662,40269.38888888889,86,"      Biberach, Landkreis",64.1
306,8426,2025,0.2636763315952764,28220.587347463068,12227878.995183045,53627.166666666664,41,"      Biberach, Landkreis",91.4
307,8435,2016,0.3008068451844277,28272.8615136876,12135602.421900162,21171.666666666668,447,"      Bodenseekreis, Landkreis",61.4
308,8435,2017,0.32717778721020585,28423.242032730403,13147681.01722653,43328.444444444445,402,"      Bodenseekreis, Landkreis",86.8
309,8435,2018,0.3194305136782285,28385.171296296296,12676444.002314813,36258.0,357,"      Bodenseekreis, Landkreis",81.2
310,8435,2019,0.3024504877871162,28323.263601532566,12430631.89118774,42586.666666666664,312,"      Bodenseekreis, Landkreis",85.0
311,8435,2020,0.3292219798892939,28334.65677321157,12607562.610350076,46214.88888888889,267,"      Bodenseekreis, Landkreis",91.6
312,8435,2021,0.28138071427266276,28225.786149162865,12079269.694824962,59172.88888888889,222,"      Bodenseekreis, Landkreis",80.1
313,8435,2023,0.30781026289515456,28387.97108066971,12429038.340182649,52098.444444444445,132,"      Bodenseekreis, Landkreis",79.5
314,8435,2025,0.2719311339529487,28320.319845857415,12233260.911368016,59888.77777777778,42,"      Bodenseekreis, Landkreis",71.6
315,8436,2016,0.3195938036383634,28175.61231884058,12154486.770289855,21542.05,448,"      Ravensburg, Landkreis",65.9
316,8436,2017,0.32711423154717356,28306.651937984498,13053410.937984496,47131.95,403,"      Ravensburg, Landkreis",84.6
317,8436,2018,0.3175446245327415,28276.689930555556,12610016.460069444,39351.7,358,"      Ravensburg, Landkreis",84.7
318,8436,2019,0.3073152451424208,28215.465862068962,12396727.870000001,48349.0,313,"      Ravensburg, Landkreis",77.2
319,8436,2020,0.35372485148129246,28226.948630136987,12509519.978082191,49506.9,268,"      Ravensburg, Landkreis",92.6
320,8436,2021,0.2940559121729527,28116.307534246575,12133698.569863014,58938.1,223,"      Ravensburg, Landkreis",75.8
321,8436,2022,0.38018092128757647,28298.615625,13143736.309027778,46341.25,178,"      Ravensburg, Landkreis",87.2
322,8436,2023,0.305463098948843,28285.664383561645,12403196.316438356,56284.35,133,"      Ravensburg, Landkreis",81.2
323,8436,2024,0.2962914852979641,28275.542465753428,12128161.046917807,46628.5,88,"      Ravensburg, Landkreis",65.5
324,8436,2025,0.2856807070257836,28213.240173410402,12205684.124277456,60349.3,43,"      Ravensburg, Landkreis",83.9
325,8437,2016,0.28940400453988147,28134.5641025641,11892380.662207358,22371.69230769231,449,"      Sigmaringen, Landkreis",62.7
326,8437,2017,0.3038313932612713,28281.83840190817,12989617.898628503,40217.46153846154,404,"      Sigmaringen, Landkreis",89.2
327,8437,2018,0.28444611419638,28232.92841880342,12532949.47008547,37965.769230769234,359,"      Sigmaringen, Landkreis",85.9
328,8437,2019,0.28704331205259737,28182.94482758621,12374067.85994695,41137.61538461538,314,"      Sigmaringen, Landkreis",82.9
329,8437,2020,0.2995365173491091,28204.606427818755,12505201.44520548,40599.153846153844,269,"      Sigmaringen, Landkreis",91.2
330,8437,2021,0.2737377125637932,28080.72866174921,11950825.684931507,57980.38461538462,224,"      Sigmaringen, Landkreis",70.1
331,8437,2022,0.3460444934748357,28266.76655982906,13127910.518696582,40213.307692307695,179,"      Sigmaringen, Landkreis",86.0
332,8437,2023,0.28972120150658304,28246.56322444679,12350267.455742886,47094.53846153846,134,"      Sigmaringen, Landkreis",82.5
333,8437,2024,0.2566929056604185,28242.08219178082,11983965.414646996,40211.07692307692,89,"      Sigmaringen, Landkreis",64.8
334,8437,2025,0.26996532862531925,28187.78923966207,12212841.738995109,56343.53846153846,44,"      Sigmaringen, Landkreis",85.7
